00 0000000000 0000000000
01 0000000000 1111111111
00 0000000000 0000000000
01 0000000000 1111111111
10 0000000000 0000000000
11 0000000000 1111111111
10 0000000000 0000000000
11 0000000000 1111111111
10 0000000000 0000000000
11 0000000000 1111111111
10 0000000000 0000000000
11 0000000000 1111111111
10 0000000000 0000000000
11 0000000000 1111111111
10 0000000000 0000000000
11 0000000000 1111111111
10 0000000000 0000000000
11 0000000000 1111111111
10 0000000000 0000000000
11 0000000000 1111111111
10 0000000000 0000000000
11 0000000000 1111111111
10 0000000000 0000000000
11 0000000000 1111111111
10 0000000000 0000000000
11 0000000000 1111111111
10 0000000000 0000000000
11 0000000000 1111111111
10 0000000000 0000000000
11 0000000000 1111111111
10 0000000000 0000000000
11 0000000000 1111111111
10 0000000000 0000000000
11 0000000000 1111111111
10 0000000000 0000000000
11 0000000000 1111111111
10 0000000000 0000000000
11 0000000000 1111111111
10 0000000000 0000000000
11 0000000000 1111111111
10 0000000000 0000000000
11 0000000000 1111111111
10 0000000000 0000000000
11 0000000000 1111111111
10 0000000000 0000000000
11 0000000000 1111111111
10 0000000000 0000000000
11 0000000000 1111111111
10 0000000000 0000000000
11 0000000000 1111111111
10 0000000000 0000000000
11 0000000000 1111111111
10 0000000000 0000000000
11 0000000000 1111111111
10 0000000000 0000000000
11 0000000000 1111111111
10 0000000000 0000000000
11 0000000000 1111111111
10 0000000000 0000000000
11 0000000000 1111111111
10 0000000000 0000000000
11 0000000000 1111111111
10 0000000000 0000000000
11 0000000000 1111111111
10 0000000000 0000000000
11 0000000000 1111111111
10 0000000000 0000000000
11 0000000000 1111111111
10 0000000000 0000000000
11 0000000000 1111111111
10 0000000000 0000000000
11 0000000000 1111111111
10 0000000000 0000000000
11 0000000000 1111111111
10 0000000000 0000000000
11 0000000000 1111111111
10 0000000000 0000000000
11 0000000000 1111111111
10 0000000000 0000000000
11 0000000000 1111111111
10 0000000000 0000000000
11 0000000000 1111111111
10 0000000000 0000000000
11 0000000000 1111111111
