00 0000000000
01 0000000000
00 0000000000
01 0000000000
10 0000000000
11 0000000000
10 0000000000
ERROR: line 8
11 0000000001
10 0000000001
ERROR: line 10
11 0000100001
10 0000100001
ERROR: line 12
11 0000110001
10 0000110001
ERROR: line 14
11 1000110001
10 1000110001
ERROR: line 16
11 1000110001
10 1000110001
ERROR: line 18
11 1000100010
10 1000100010
ERROR: line 20
11 0001000010
10 0001000010
ERROR: line 22
11 0001000011
10 0001000011
ERROR: line 24
11 0001100011
10 0001100011
ERROR: line 26
11 0001100100
10 0001100100
ERROR: line 28
11 0010000100
10 0010000100
ERROR: line 30
11 0010000001
10 0010000001
ERROR: line 32
11 0000100001
10 0000100001
ERROR: line 34
11 0000110001
10 0000110001
ERROR: line 36
11 1000110001
10 1000110001
ERROR: line 38
11 1000100010
10 1000100010
ERROR: line 40
11 0001000010
10 0001000010
ERROR: line 42
11 0001000011
10 0001000011
ERROR: line 44
11 0001100011
10 0001100011
ERROR: line 46
11 0001100100
10 0001100100
ERROR: line 48
11 0010000100
10 0010000100
ERROR: line 50
11 0010000001
10 0010000001
ERROR: line 52
11 0000100001
10 0000100001
ERROR: line 54
11 0000110001
10 0000110001
ERROR: line 56
11 1000110001
10 1000110001
ERROR: line 58
11 1000100010
10 1000100010
ERROR: line 60
11 0001001111
10 0001001111
ERROR: line 62
11 0111101111
10 0111101111
ERROR: line 64
11 0111100001
10 0111100001
ERROR: line 66
11 0000100001
10 0000100001
ERROR: line 68
11 0000110001
10 0000110001
ERROR: line 70
11 1000110001
10 1000110001
ERROR: line 72
11 1000101111
10 1000101111
ERROR: line 74
11 0111100010
10 0111100010
ERROR: line 76
11 0001000001
10 0001000001
ERROR: line 78
11 0000100011
10 0000100011
ERROR: line 80
11 0001110001
10 0001110001
ERROR: line 82
11 1000100100
10 1000100100
ERROR: line 84
11 0010000010
